9376313
7665302
4509173
1231003
5497641
696624
3622122
732439
4063849
4081483
4428209
105740
4762802
1401371
2306963
5518415
5523412
3294150
6672598
1244422
4024905
2352535
976048
898228
2538742
1365506
5134931
301673
1942839
5237684
656059
4486673
1744373
613470
2675473
915415
1388869
522357
1161455
18536
2804999
3189457
6344478
5948879
2542354
1266102
128715
168285
3187634
1887491
1891136
4522262
625043
122105
106509
1114717
7933741
30238
7325591
7363007
12301401
5302417
8211548
5445038
1656834
693776
6050411
1247525
5044942
2147413
872540
2826620
6965095
2067831
2191645
2420607
10578510
1194481
4417534
875587
2721393
3911692
431406
1321890
3172402
1235038
2867420
1219032
2790398
2870856
689063
2529804
2229367
94500
1231761
671205
1284730
1256691
383517
2722494
1360183
323906
2913891
362085
1666965
3822827
6253755
1814039
577475
430283
2555439
676855
3163827
458400
2039116
5790451
1119844
934389
8839706
2806164
6801912
1242837
8874170
14835569
4717151
2079427
10513115
6049542
4959797
946937
136089
3178594
7910395
387529
4308851
3772218
12020102
7460225
6884683
5221840
12331708
7359969
3439036
3167833
6503065
6102102
5734701
1568017
7080102
708198
3315465
25130
2446961
102519
565463
2928968
1539326
979690
1044097
3388940
2078579
255076
876991
589207
18024
7710856
9195584
4623327
2981112
4685752
5225243
307226
494996
710562
716804
3403085
73840
766278
2094714
614701
1008286
1900915
11422947
1740430
16917380
13808878
15967430
4934178
7026490
3152649
2020289
4029235
2426885
2737812
4981237
5875600
12070410
14371136
3190557
12093175
33783070
14567264
14060821
15323191
182334843
8405007
12698724
2344666
9573046
2250305
7297314
2519137
7295497
2874829
2857548
4287623
4199628
5168092
4001034
4334010
1495922
2214487
8238234
5877019
477173
21457
5267426
912689
9120860
2840054
586939
656448
1889649
582974
21850
2991177
89102
375062
3295631
1046656
1245357
2101864
2054900
4765494
9658839
14311312
4942819
3782895
4045251
6047098
7982612
5213166
5015721
6610960
1313708
1673909
4740398
7145442
5577997
4921131
21740900
13748975
9978435
10817592
528161264
13617101
23845725
12145677
22940003
8425798
8294747
6985059
11272487
6031071
531958
4878173
5556016
9329621
1389233
6938707
965364
6737762
5873992
23767444
6053619
4196483
7498843
1674676
3060659
2026470
1353774
421153
891620
1306944
3853775
582692
458532
2497796
2945041
10597034
4076189
1458848
3497446
2234348
1650611
2024663
1670930
11380
1816574
1247080
7032780
591863
2271107
737956
209774
1432163
1034525
686733
2184473
427367
2994618
2248069
5016320
9768712
66455108
7047973
16101492
11808051
24248683
9717436
13698386
11797181
5046374
9472623
4802253
5415927
11425436
6934328
2456100
2726005
2211978
8184580
7069456
9668145
9911408
5653943
13626594
1505641
1269751
1250397
3757548
383856
2192589
836291
1904925
1712426
1154491
839604
4348468
11315993
677473
1665301
3040061
7484991
821821
230183
284980
2435765
1539616
2375339
238053
1611906
1259360
1803562
2074999
2426460
276786
4670474
79157
67612
2559221
128998
1222016
4610723
4596895
595170
7063861
4307085
9214657
2505267
6643971
4667335
4139409
3590886
2529305
2006619
5411581
8648321
1546837
5741902
4015890
8345045
7934903
3476861
2136369
10750932
6848317
3254385
6666404
8858496
3592325
1346452
6669678
3808248
76745
2584499
1241722
428019
5887527
1057322
734007
904591
1326283
4513091
5872112
877016
5239572
10235961
2652786
4773708
2529924
1246758
1416527
5941656
1694210
3020638
162256
4982074
2561240
1321198
265576
708780
1156110
717743
1713559
901647
502352
764761
779298
514446
908616
1331367
2628214
763924
184438
94117
2195522
2822462
2489339
4030862
5157537
2496592
4986580
768552
1305575
9270365
2507299
1710901
4963588
8186060
2037093
1461602
10108742
6638055
2629821
5955052
19717
2570387
3759669
1565328
1062346
358720
1324300
119836
2386796
2845400
4474653
7161551
1857258
5495461
4992366
1171961
7055915
3496921
1452332
6572550
2744241
3838947
790897
4820932
2572714
696517
3691697
2495752
3035915
2126598
884799
1636508
1018534
2340884
7123
2436531
397695
2436531
7123
2340884
1018534
1636508
884799
2126598
3035915
2495752
3691697
696517
2572714
4820932
790897
3838947
2744241
6572550
1452332
3496921
7055915
1171961
4992366
5495461
1857258
7161551
4474653
2845400
2386796
119836
1324300
358720
1062346
1565328
3759669
2570387
19717
5955052
2629821
6638055
10108742
1461602
2037093
8186060
4963588
1710901
2507299
9270365
1305575
768552
4986580
2496592
5157537
4030862
2489339
2822462
2195522
94117
184438
763924
2628214
1331367
908616
514446
779298
764761
502352
901647
1713559
717743
1156110
708780
265576
1321198
2561240
4982074
162256
3020638
1694210
5941656
1416527
1246758
2529924
4773708
2652786
10235961
5239572
877016
5872112
4513091
1326283
904591
734007
1057322
5887527
428019
1241722
2584499
76745
3808248
6669678
1346452
3592325
8858496
6666404
3254385
6848317
10750932
2136369
3476861
7934903
8345045
4015890
5741902
1546837
8648321
5411581
2006619
2529305
3590886
4139409
4667335
6643971
2505267
9214657
4307085
7063861
595170
4596895
4610723
1222016
128998
2559221
67612
79157
4670474
276786
2426460
2074999
1803562
1259360
1611906
238053
2375339
1539616
2435765
284980
230183
821821
7484991
3040061
1665301
677473
11315993
4348468
839604
1154491
1712426
1904925
836291
2192589
383856
3757548
1250397
1269751
1505641
13626594
5653943
9911408
9668145
7069456
8184580
2211978
2726005
2456100
6934328
11425436
5415927
4802253
9472623
5046374
11797181
13698386
9717436
24248683
11808051
16101492
7047973
66455108
9768712
5016320
2248069
2994618
427367
2184473
686733
1034525
1432163
209774
737956
2271107
591863
7032780
1247080
1816574
11380
1670930
2024663
1650611
2234348
3497446
1458848
4076189
10597034
2945041
2497796
458532
582692
3853775
1306944
891620
421153
1353774
2026470
3060659
1674676
7498843
4196483
6053619
23767444
5873992
6737762
965364
6938707
1389233
9329621
5556016
4878173
531958
6031071
11272487
6985059
8294747
8425798
22940003
12145677
23845725
13617101
528161264
10817592
9978435
13748975
21740900
4921131
5577997
7145442
4740398
1673909
1313708
6610960
5015721
5213166
7982612
6047098
4045251
3782895
4942819
14311312
9658839
4765494
2054900
2101864
1245357
1046656
3295631
375062
89102
2991177
21850
582974
1889649
656448
586939
2840054
9120860
912689
5267426
21457
477173
5877019
8238234
2214487
1495922
4334010
4001034
5168092
4199628
4287623
2857548
2874829
7295497
2519137
7297314
2250305
9573046
2344666
12698724
8405007
182334843
15323191
14060821
14567264
33783070
12093175
3190557
14371136
12070410
5875600
4981237
2737812
2426885
4029235
2020289
3152649
7026490
4934178
15967430
13808878
16917380
1740430
11422947
1900915
1008286
614701
2094714
766278
73840
3403085
716804
710562
494996
307226
5225243
4685752
2981112
4623327
9195584
7710856
18024
589207
876991
255076
2078579
3388940
1044097
979690
1539326
2928968
565463
102519
2446961
25130
3315465
708198
7080102
1568017
5734701
6102102
6503065
3167833
3439036
7359969
12331708
5221840
6884683
7460225
12020102
3772218
4308851
387529
7910395
3178594
136089
946937
4959797
6049542
10513115
2079427
4717151
14835569
8874170
1242837
6801912
2806164
8839706
934389
1119844
5790451
2039116
458400
3163827
676855
2555439
430283
577475
1814039
6253755
3822827
1666965
362085
2913891
323906
1360183
2722494
383517
1256691
1284730
671205
1231761
94500
2229367
2529804
689063
2870856
2790398
1219032
2867420
1235038
3172402
1321890
431406
3911692
2721393
875587
4417534
1194481
10578510
2420607
2191645
2067831
6965095
2826620
872540
2147413
5044942
1247525
6050411
693776
1656834
5445038
8211548
5302417
12301401
7363007
7325591
30238
7933741
1114717
106509
122105
625043
4522262
1891136
1887491
3187634
168285
128715
1266102
2542354
5948879
6344478
3189457
2804999
18536
1161455
522357
1388869
915415
2675473
613470
1744373
4486673
656059
5237684
1942839
301673
5134931
1365506
2538742
898228
976048
2352535
4024905
1244422
6672598
3294150
5523412
5518415
2306963
1401371
4762802
105740
4428209
4081483
4063849
732439
3622122
696624
5497641
1231003
4509173
7665302
